0 77.3 3 00:02 5
1 89.6 14 03:51 18
2 54.9 1 00:01 15
3 31.5 18 20:16 11
4 97.5 17 16:45 1
5 52.3 10 01:12 2
6 49.9 11 02:26 16
7 27.4 12 18:35 16
8 75.1 16 09:14 3
9 84.3 7 17:41 10
10 35.0 10 04:30 2
11 98.3 3 11:53 11
12 62.0 6 21:06 3
13 89.0 15 12:11 12
14 73.2 15 21:19 2
15 50.2 15 10:08 3
16 37.7 10 07:44 1
17 31.0 1 16:37 7
18 37.0 4 12:22 5
19 45.9 1 21:30 13
20 89.2 10 10:05 18
21 55.4 4 10:00 14
22 44.7 1 03:41 14
23 82.3 2 09:29 16
24 75.2 1 23:17 9
25 44.8 7 18:06 3
26 46.2 6 22:13 4
27 38.5 15 13:38 12
28 27.2 1 09:36 9
29 91.2 1 00:22 17
30 87.0 1 13:59 10
31 67.0 6 12:12 1
32 38.2 5 06:29 1
33 30.9 3 20:44 18
34 94.1 5 17:34 3
35 99.2 12 12:58 8
36 25.0 12 02:29 4
37 25.4 18 11:05 6
38 88.8 17 04:41 4
39 89.5 16 09:32 4
40 59.9 14 15:21 11
41 85.3 6 05:06 5
42 78.2 9 03:24 13
43 25.7 9 11:32 4
44 44.3 11 21:33 15
45 22.2 2 00:04 7
46 21.9 11 21:19 5
47 43.5 3 08:54 2
48 20.9 2 09:43 14
49 33.1 7 23:45 1
50 88.5 7 09:02 3
51 78.9 3 00:01 18
52 94.6 5 00:01 12
