3
7
31
211
2311
30031
510511
9699691
223092871
6469693231
200560490131
7420738134811
304250263527211
13082761331670031
614889782588491411
32589158477190044731
1922760350154212639071
117288381359406970983271
7858321551080267055879091
557940830126698960967415391
40729680599249024150621323471
3217644767340672907899084554131
267064515689275851355624017992791
23768741896345550770650537601358311
2305567963945518424753102147331756071
232862364358497360900063316880507363071
23984823528925228172706521638692258396211
2566376117594999414479597815340071648394471
279734996817854936178276161872067809674997231
31610054640417607788145206291543662493274686991
4014476939333036189094441199026045136645885247731
525896479052627740771371797072411912900610967452631
72047817630210000485677936198920432067383702541010311
10014646650599190067509233131649940057366334653200433091
1492182350939279320058875736615841068547583863326864530411
225319534991831177328890236228992001350685163362356544091911
35375166993717494840635767087951744212057570647889977422429871
5766152219975951659023630035336134306565384015606066319856068811
962947420735983927056946215901134429196419130606213075415963491271
166589903787325219380851695350896256250980509594874862046961683989711
29819592777931214269172453467810429868925511217482600306406141434158091
5397346292805549782720214077673687806275517530364350655459511599582614291
1030893141925860008499560888835674370998623848299590975192766715520279329391
198962376391690981640415251545285153602734402721821058212203976095413910572271
39195588149163123383161804554421175259738677336198748467804183290796540382737191
7799922041683461553249199106329813876687996789903550945093032474868511536164700811
1645783550795210387735581011435590727981167322669649249414629852197255934130751870911
367009731827331916465034565550136732339800312955331782619462457039988073311157667212931
83311209124804345037562846379881038241134671040860314654617977748077292641632790457335111
19078266889580195013601891820992757757219839668357012055907516904309700014933909014729740191
4445236185272185438169240794291312557432222642727183809026451438704160103479600800432029464271
1062411448280052319722448549835623701226301211611796930357321893850294264731624591303255041960531
